1145
-4.754203e+00 4.754203e+00 
-4.754203e+00 4.754203e+00 
-4.754203e+00 4.754203e+00 
-2.533263e+00 2.787014e+00 1.781742e+00 9.609611e-01 
4.005931e+00 -1.332358e-01 4.296286e+00 1.063887e+00 
-1.437517e+00 -1.085139e+00 1.355918e+00 9.400452e-01 
-3.136801e+00 -4.652237e-01 4.438313e+00 9.434990e-01 
1.347822e+00 3.464119e+00 3.548918e+00 9.590279e-01 
-1.836527e+00 -1.646430e+00 3.409812e+00 8.691191e-01 
1.890776e+00 -7.016251e-01 -1.323034e+00 1.113973e+00 
4.477719e+00 -2.050565e+00 6.522767e-01 8.857498e-01 
-2.987579e+00 -1.173128e+00 1.148652e+00 8.539035e-01 
3.733835e+00 -3.156178e+00 -2.766824e-01 1.071707e+00 
-4.534121e+00 -3.150224e+00 3.333206e+00 7.857393e-01 
-3.584675e+00 1.716778e+00 -1.200399e+00 1.078600e+00 
-6.047772e-01 -3.379039e+00 -3.589607e+00 1.073878e+00 
-3.696775e+00 -3.233135e+00 2.436501e-01 9.088393e-01 
-3.498447e+00 3.706384e+00 -3.996911e+00 8.535039e-01 
2.654196e+00 3.161447e+00 -8.778311e-01 9.271693e-01 
2.961325e+00 3.901872e+00 3.653412e+00 8.301865e-01 
8.716367e-02 6.769795e-01 1.564476e+00 8.895971e-01 
-2.441304e+00 2.014537e+00 -3.175690e+00 8.564697e-01 
3.455420e+00 2.871122e+00 2.703349e+00 9.168920e-01 
-2.242403e+00 -2.294067e+00 -1.301366e+00 9.447214e-01 
1.648029e+00 3.787264e+00 -2.059073e+00 1.005177e+00 
1.484452e+00 2.951864e+00 -2.368610e+00 8.064106e-01 
4.516228e+00 2.679194e+00 -4.485865e+00 1.124835e+00 
-1.573072e+00 4.700411e+00 -2.358269e+00 1.087893e+00 
3.001171e+00 -2.291955e-01 5.210102e-01 7.747141e-01 
-1.778123e+00 4.598007e+00 4.690144e+00 8.900171e-01 
3.924383e-01 -1.475391e+00 3.266922e+00 8.619956e-01 
9.032537e-01 -2.881592e+00 -4.721235e+00 1.012195e+00 
-4.708599e+00 4.478079e-01 -1.807404e+00 9.680531e-01 
1.104127e+00 -4.293324e+00 1.846680e+00 1.067859e+00 
-2.093977e+00 1.477038e+00 3.052411e+00 9.733543e-01 
2.366162e+00 -1.432577e+00 -3.260797e+00 7.947781e-01 
-3.768229e+00 1.787341e+00 -4.292905e+00 8.351893e-01 
-3.696052e-01 4.639746e+00 1.958886e+00 9.817215e-01 
7.981828e-01 -4.127398e+00 -4.308227e+00 7.445472e-01 
-5.269406e-02 -4.122014e+00 2.712196e+00 7.709224e-01 
-2.595138e+00 -2.004933e+00 6.923615e-01 1.197354e+00 
-4.026790e+00 -1.822869e+00 -1.892304e+00 8.062859e-01 
-6.530102e-01 3.713385e+00 3.236528e+00 7.885870e-01 
-3.050422e+00 2.006967e+00 4.264350e+00 9.231362e-01 
2.404979e+00 2.929914e+00 -4.061742e+00 9.898573e-01 
3.615397e+00 -4.191751e+00 -1.607613e+00 1.332742e+00 
-1.160260e+00 -2.683922e+00 2.036737e+00 6.998108e-01 
-2.587150e+00 1.562426e+00 2.224073e+00 9.622628e-01 
-2.341443e+00 2.485949e+00 3.482934e+00 7.727882e-01 
3.289491e+00 -4.127075e+00 1.716759e+00 9.744046e-01 
-6.394573e-01 -7.029526e-03 -2.263070e+00 9.416329e-01 
-1.553168e+00 -1.937352e-01 -2.136226e+00 9.407220e-01 
-6.362503e-01 -4.191315e+00 -4.924095e-01 9.985808e-01 
-3.130200e-02 2.940805e-01 -6.807411e-01 7.330367e-01 
-4.207508e+00 -4.374327e+00 -3.859794e+00 8.134169e-01 
1.043729e+00 1.220733e+00 3.048652e+00 9.293310e-01 
3.358001e-01 2.592899e+00 1.564209e+00 9.124195e-01 
1.726088e+00 -4.676465e+00 3.607571e+00 8.447854e-01 
3.022742e+00 2.249606e+00 6.332647e-01 9.259094e-01 
-9.054590e-01 4.255396e+00 3.891894e+00 9.835726e-01 
-4.446589e+00 -2.792477e+00 6.653723e-01 8.714952e-01 
-1.110191e+00 2.819511e+00 2.252400e+00 1.039036e+00 
1.950451e+00 -4.695381e+00 -3.074422e+00 9.298687e-01 
4.698506e-01 -2.979591e+00 -3.785167e+00 8.576295e-01 
-5.907058e-01 1.132740e+00 1.107507e+00 9.682079e-01 
1.865806e-01 2.960759e+00 2.382037e+00 9.034112e-01 
3.713671e+00 -3.123361e-01 -3.145931e+00 1.099631e+00 
1.161386e+00 1.427271e+00 3.995894e+00 9.466952e-01 
-3.032320e+00 -3.983374e+00 3.138723e-02 9.410553e-01 
4.111123e+00 -1.336897e+00 1.212199e-01 1.038275e+00 
2.877282e+00 -4.484003e+00 2.579105e+00 1.066139e+00 
3.361650e+00 -1.721653e+00 1.507577e+00 7.975514e-01 
-1.535379e+00 1.872326e+00 -3.113020e+00 9.818471e-01 
4.433124e+00 -1.838985e-01 -1.384872e+00 7.195992e-01 
-1.473847e+00 3.128673e+00 3.276498e+00 1.220701e+00 
1.221397e-01 3.540320e+00 1.609676e+00 1.032137e+00 
1.704014e+00 -4.018850e+00 -1.283012e+00 9.277830e-01 
5.387114e-01 4.204799e+00 3.571443e+00 8.848857e-01 
9.941771e-01 2.786459e+00 -3.060991e+00 9.223113e-01 
1.877493e-01 -3.890769e+00 4.532309e+00 1.125931e+00 
3.017540e+00 -1.343341e+00 -2.708944e-01 7.431397e-01 
-4.466184e+00 4.221293e+00 4.195117e+00 8.207772e-01 
-5.255387e-02 -1.889358e+00 -2.087098e+00 6.680392e-01 
1.473036e+00 3.115739e+00 4.451218e+00 9.086460e-01 
-1.227713e+00 1.930687e+00 1.793258e+00 9.755421e-01 
-4.830903e-01 -2.046862e-01 -4.002162e+00 9.975944e-01 
-4.262108e+00 3.658251e+00 3.629213e+00 8.271436e-01 
-2.024697e+00 -3.153820e+00 -1.925245e+00 1.223962e+00 
-4.321357e+00 -3.756082e+00 -2.396414e+00 8.938669e-01 
-2.196447e+00 6.769933e-01 2.494491e+00 9.881217e-01 
6.655095e-01 -1.150880e+00 -3.270929e+00 1.126079e+00 
-4.077352e+00 4.500309e+00 3.462817e+00 9.288559e-01 
-2.423368e+00 -1.440217e+00 -1.191077e+00 8.063133e-01 
-1.474517e+00 -5.962739e-01 -1.270306e+00 9.755674e-01 
-2.538101e+00 -3.508298e+00 3.667417e+00 9.897683e-01 
-1.882122e+00 3.382643e+00 -8.305276e-01 1.008992e+00 
-4.089082e-01 4.503371e+00 2.929682e+00 9.752936e-01 
-8.887624e-01 1.957346e+00 8.855914e-01 8.407250e-01 
-3.073169e+00 -3.653147e-01 3.278862e-01 1.230217e+00 
-1.921054e+00 -5.562898e-02 1.888756e+00 9.912640e-01 
-3.243842e-01 8.908984e-01 -2.179661e-01 8.849218e-01 
-2.759200e+00 -4.370653e+00 3.005117e+00 9.537551e-01 
-2.360272e+00 2.065747e+00 2.264272e-01 9.205102e-01 
6.756118e-01 -3.791697e+00 1.147174e+00 7.915902e-01 
-3.862524e+00 -4.550707e+00 -2.975221e+00 1.026290e+00 
2.219958e+00 8.205776e-01 -3.476449e-01 9.407728e-01 
-5.642101e-01 1.685300e+00 4.508800e-02 8.560979e-01 
-4.728079e+00 -3.674037e+00 -1.148831e+00 6.440953e-01 
-1.345996e+00 8.618394e-01 -4.324503e-01 9.782255e-01 
-3.428124e+00 -4.102502e+00 -3.764573e+00 8.483836e-01 
-3.377992e+00 -1.751552e+00 4.279567e+00 1.004584e+00 
-3.463380e+00 3.247080e+00 3.099050e+00 9.530726e-01 
-3.064510e+00 -1.870854e+00 -8.893238e-01 8.520789e-01 
-3.945872e+00 2.523588e+00 4.527963e+00 1.210610e+00 
-3.282040e+00 2.091929e+00 -8.236935e-03 9.825512e-01 
4.446981e+00 3.715223e+00 2.993521e+00 7.648066e-01 
-1.798688e+00 1.001114e+00 1.687478e+00 9.245067e-01 
2.009762e+00 -1.099099e+00 -2.212498e+00 8.489725e-01 
-2.321423e+00 4.875851e-01 4.679952e+00 7.381215e-01 
2.737215e+00 5.454909e-01 3.043658e+00 8.128817e-01 
1.871291e+00 3.836922e+00 -1.015237e-01 1.012308e+00 
2.035243e+00 -4.416592e+00 -3.801936e+00 6.375356e-01 
-1.758956e+00 -1.533412e+00 -2.449218e+00 6.680238e-01 
3.166790e+00 1.626721e+00 1.326887e+00 9.607248e-01 
3.274969e+00 -3.931681e+00 -3.411281e+00 8.384691e-01 
-2.733018e+00 -4.442705e+00 -3.478296e+00 8.019074e-01 
2.288033e+00 3.077101e+00 -1.767401e+00 9.250520e-01 
-1.935648e+00 -8.033655e-01 -2.911985e+00 1.096448e+00 
2.457356e+00 -4.314700e+00 -9.341483e-01 8.348948e-01 
2.382142e+00 4.195781e+00 -4.024308e+00 9.522292e-01 
4.091264e+00 1.755943e+00 -1.655785e+00 9.218578e-01 
-2.089522e+00 -1.708467e+00 1.570620e+00 9.144031e-01 
-2.893820e+00 -9.468593e-01 -2.235191e+00 8.215999e-01 
-2.793738e-01 -1.969986e+00 3.394785e+00 8.259678e-01 
2.129853e+00 3.913129e+00 3.340781e+00 8.919215e-01 
-4.210814e+00 -5.174651e-01 -9.093836e-01 1.037205e+00 
-3.894001e+00 3.436920e+00 -3.251537e+00 9.181131e-01 
1.096319e+00 3.720737e+00 -3.304288e+00 9.872663e-01 
3.117438e+00 1.085952e+00 -3.785279e-01 9.320292e-01 
1.934134e+00 -2.013882e+00 8.493014e-01 1.218049e+00 
-3.326416e+00 3.563792e+00 -2.159058e+00 1.552711e+00 
-2.284667e-01 4.712092e+00 -2.600186e+00 8.082596e-01 
-2.791422e+00 -1.077664e-02 -4.249440e+00 1.055780e+00 
-1.565335e+00 -2.280337e+00 -1.864033e+00 7.536456e-01 
-3.018390e+00 3.232263e+00 -3.289107e+00 8.818750e-01 
-2.237160e-01 4.175662e+00 -4.778079e-01 7.772107e-01 
-1.810125e+00 -1.766901e+00 -3.216903e+00 9.400496e-01 
-3.034769e+00 8.150149e-01 -1.515048e+00 1.020992e+00 
9.054311e-01 -4.570774e+00 3.873802e+00 8.620525e-01 
-1.156539e+00 1.935532e-01 2.622968e+00 1.186480e+00 
4.465020e+00 -3.553238e+00 -5.714169e-01 6.936909e-01 
2.596385e+00 3.276846e+00 1.128556e-01 8.678538e-01 
-3.075216e+00 2.098423e+00 1.727648e+00 7.949404e-01 
5.315583e-01 -4.683810e+00 2.917673e+00 9.014244e-01 
-1.750726e+00 1.695232e-01 -8.645357e-01 8.436478e-01 
4.050602e+00 8.506001e-01 -1.283437e+00 1.030037e+00 
7.061075e-01 4.690346e+00 4.747328e+00 9.174561e-01 
-4.081295e+00 2.769944e+00 -3.912847e+00 9.973679e-01 
-1.467820e+00 -4.408215e+00 -1.256721e+00 8.758678e-01 
9.206728e-01 -3.147446e+00 3.158069e+00 7.599062e-01 
4.718197e-01 1.416183e+00 -3.751842e+00 9.442119e-01 
2.222993e+00 -4.606218e+00 -4.663013e+00 9.788675e-01 
-4.270407e+00 -1.767916e+00 -1.287865e-01 7.790511e-01 
-9.456398e-01 1.730587e+00 4.340341e+00 1.111095e+00 
-4.683258e+00 -4.519483e+00 2.251880e+00 9.070425e-01 
-2.878123e+00 7.842427e-02 -7.476957e-01 1.129295e+00 
3.495424e+00 -4.473957e+00 4.206614e+00 8.713024e-01 
-1.787439e+00 6.638206e-01 -2.522444e+00 9.977812e-01 
2.220508e+00 7.163781e-01 -4.437205e+00 9.834930e-01 
3.862751e+00 3.296181e+00 4.532654e+00 9.173352e-01 
-2.215663e-01 -4.289763e+00 -1.518804e+00 9.011843e-01 
2.472818e+00 2.353344e+00 1.492958e+00 1.076094e+00 
-4.734075e+00 -2.404571e+00 -1.451815e+00 1.040092e+00 
1.872395e+00 -4.281815e+00 1.108436e+00 9.504268e-01 
1.436177e+00 -3.041865e+00 -3.525929e-01 1.145267e+00 
-2.176659e+00 4.625522e+00 2.539090e+00 8.561233e-01 
-2.305603e+00 2.757618e+00 -3.661511e+00 9.362781e-01 
1.204086e+00 -1.155501e+00 -2.451290e+00 8.354453e-01 
-1.121386e+00 -4.269576e+00 -3.151195e+00 9.426905e-01 
4.000562e+00 4.381590e+00 1.138527e-01 8.816839e-01 
4.197300e+00 4.286815e+00 1.579833e+00 9.224364e-01 
4.260828e+00 -2.878978e+00 2.745699e+00 9.917289e-01 
-6.282499e-01 3.701724e+00 -3.730899e+00 8.277397e-01 
2.207100e+00 -4.427348e+00 1.915742e+00 8.215206e-01 
1.603016e+00 -1.313341e+00 3.897033e+00 8.233017e-01 
3.965767e+00 1.144932e+00 1.183732e+00 9.271077e-01 
-3.724138e+00 3.872698e+00 -1.525125e-01 9.091879e-01 
-9.732973e-01 -4.338832e+00 2.507862e+00 9.640800e-01 
3.825167e+00 3.714031e+00 -4.164480e+00 9.038338e-01 
2.443676e+00 1.187998e+00 1.645688e+00 7.937875e-01 
2.238138e-01 -7.151070e-02 3.770082e+00 6.714678e-01 
-4.350192e+00 -2.276644e+00 -3.903239e+00 7.187695e-01 
1.459058e+00 -1.681113e+00 -1.826128e+00 8.731665e-01 
-1.651272e-01 -3.052180e+00 1.954599e+00 8.665130e-01 
4.440509e+00 -8.771488e-01 7.094966e-01 5.938199e-01 
6.330926e-01 2.763005e+00 4.572237e+00 8.578264e-01 
2.185879e-01 -4.621891e+00 -7.533428e-01 9.855863e-01 
2.493134e+00 -1.753709e+00 -2.209742e+00 7.784286e-01 
1.248177e+00 -3.220162e+00 -1.350313e+00 9.163625e-01 
-3.056024e+00 -4.727870e-02 2.174198e+00 1.349424e+00 
-1.565575e+00 1.289164e+00 3.749445e+00 8.159049e-01 
2.483578e+00 -2.666212e+00 1.657675e+00 8.549841e-01 
1.441440e+00 1.616606e+00 -4.211647e+00 9.220685e-01 
-3.000987e+00 8.569089e-01 3.884244e+00 7.635556e-01 
3.800473e-01 5.765938e-01 -4.339034e+00 1.113093e+00 
-2.178601e+00 1.538708e+00 9.955692e-01 9.777945e-01 
-4.850950e-01 2.962441e+00 2.948889e+00 8.543957e-01 
4.384502e+00 6.958294e-01 2.065723e+00 9.089399e-01 
2.031440e+00 3.581796e-01 -2.824036e+00 8.839558e-01 
-4.211635e-01 2.166280e+00 -2.521269e+00 8.153488e-01 
-3.642197e+00 2.055092e+00 3.547036e+00 9.167360e-01 
-9.494100e-02 -8.508893e-01 3.767929e+00 1.012623e+00 
1.753906e+00 -1.897598e-02 -1.330533e-01 9.097144e-01 
1.323481e+00 3.943751e+00 -4.534548e+00 1.072387e+00 
-2.322943e+00 -3.770814e+00 -1.153194e+00 8.406882e-01 
2.238858e+00 -2.601352e+00 2.538118e+00 9.772531e-01 
-7.941317e-01 3.831164e+00 8.603310e-01 1.075810e+00 
4.662678e+00 -3.626822e+00 2.232972e+00 9.080044e-01 
-3.166768e+00 1.056522e+00 -5.968966e-01 8.960386e-01 
-4.041164e+00 4.187290e+00 -1.248034e+00 1.077558e+00 
4.181016e+00 1.539533e+00 -3.648121e+00 8.286418e-01 
-2.368856e+00 3.087346e+00 4.443333e+00 6.147642e-01 
-2.511635e+00 -4.058441e-02 -2.452590e+00 1.024532e+00 
3.326898e+00 -4.667835e-01 3.218182e+00 1.061940e+00 
-4.727235e+00 3.430730e-01 -8.174508e-01 9.784022e-01 
3.811614e+00 4.752934e+00 8.999646e-01 8.977201e-01 
-2.023711e-02 4.239768e+00 4.325944e+00 9.884940e-01 
1.707043e+00 -4.484097e+00 -4.374279e-01 9.963860e-01 
3.942185e+00 1.852964e+00 1.709516e+00 8.268195e-01 
-3.543429e+00 -4.242026e+00 8.941867e-01 1.130231e+00 
1.323961e+00 7.094538e-01 -4.077260e-01 8.689456e-01 
-1.348310e+00 4.611315e+00 3.146532e+00 8.908440e-01 
-3.146684e+00 -4.637530e+00 3.807763e+00 9.070051e-01 
-3.842385e+00 -2.516094e+00 -1.129925e+00 8.690045e-01 
-2.628135e+00 4.306694e+00 4.382906e+00 1.009224e+00 
-4.121277e+00 2.394802e+00 2.653508e+00 8.503415e-01 
-7.667996e-01 -6.199176e-02 -1.395511e+00 8.155186e-01 
9.119185e-01 -2.402420e+00 4.264645e-01 1.126883e+00 
1.856147e-01 -1.875315e+00 8.157735e-03 8.533567e-01 
-1.613773e+00 -4.078426e+00 -4.670925e+00 8.314900e-01 
3.338595e+00 -2.406650e+00 -2.310127e+00 1.022419e+00 
-6.212817e-01 2.822943e+00 1.280873e+00 1.136195e+00 
-1.558907e+00 -3.239341e+00 2.595620e+00 9.684364e-01 
-2.657090e+00 -3.952137e+00 -1.902207e+00 8.134478e-01 
-1.721959e+00 4.169023e+00 -4.026067e+00 8.696068e-01 
3.154692e+00 -4.745686e+00 -7.436557e-01 8.483322e-01 
-2.198547e+00 -2.321296e-01 9.714070e-01 9.577703e-01 
-3.033741e+00 6.463965e-01 1.480275e-01 8.253687e-01 
8.090123e-01 -3.187152e+00 2.008958e+00 1.103381e+00 
3.239739e+00 2.080280e+00 -1.712768e+00 8.995818e-01 
-5.173041e-01 1.664578e+00 -1.853041e+00 8.668830e-01 
-4.457461e+00 1.652071e+00 -1.683807e+00 8.374286e-01 
1.531265e+00 1.572075e-01 -1.026232e+00 8.404411e-01 
-2.120537e+00 -8.953226e-01 -4.042861e+00 1.202701e+00 
1.881014e+00 1.446890e+00 4.540960e+00 8.592346e-01 
-3.460308e-01 3.833509e+00 1.204542e-01 6.227142e-01 
6.550071e-01 1.136949e+00 2.166527e+00 1.004058e+00 
-4.230221e+00 -3.217145e+00 -5.872911e-01 1.066290e+00 
4.037388e+00 3.530061e+00 -1.145655e+00 9.339560e-01 
4.141844e+00 3.243304e+00 -2.204841e+00 7.605838e-01 
2.510376e-01 -6.161518e-01 1.631642e+00 9.903987e-01 
-9.085311e-01 -1.420389e+00 2.009472e+00 7.711481e-01 
3.470282e+00 -3.260247e+00 6.776385e-01 9.192920e-01 
-4.389188e+00 -3.915093e+00 3.507882e+00 7.702728e-01 
4.657830e+00 2.541012e-01 -3.550757e+00 9.835148e-01 
4.198682e+00 -2.610196e+00 -8.084326e-01 7.137191e-01 
-2.847613e+00 -2.724359e+00 1.399206e+00 8.042967e-01 
2.696068e+00 -3.006148e+00 7.757703e-02 1.104613e+00 
-3.311069e+00 -4.680321e+00 -4.683353e+00 9.233813e-01 
4.547048e+00 1.286032e+00 -2.350003e+00 9.865388e-01 
-6.869570e-01 -8.960683e-01 -7.988521e-01 8.870815e-01 
-5.153728e-01 3.015145e+00 -3.135693e+00 1.003547e+00 
3.528488e+00 2.933544e+00 -6.236214e-01 9.500092e-01 
-3.749454e+00 1.180071e+00 8.056769e-02 9.081181e-01 
4.705876e+00 -3.854703e+00 -3.355916e+00 1.060566e+00 
-1.294058e+00 -3.797347e-01 7.668671e-01 9.202315e-01 
4.399760e+00 4.311166e+00 -1.631614e+00 1.043511e+00 
1.269209e+00 3.575679e+00 2.670612e+00 8.186642e-01 
4.613380e+00 -2.599382e+00 -3.042919e+00 7.302102e-01 
2.072259e+00 -3.098580e+00 -2.694052e+00 1.031036e+00 
4.495592e+00 1.893271e+00 5.701540e-02 1.027273e+00 
3.927680e+00 -1.713472e+00 3.578449e+00 9.140834e-01 
6.830840e-01 4.792874e-01 1.972085e-01 9.527517e-01 
1.483508e+00 7.856056e-01 2.413318e+00 8.442431e-01 
-2.012619e+00 -4.743234e+00 -1.926289e-02 7.121011e-01 
1.384710e+00 -4.172049e+00 4.560689e+00 9.932143e-01 
1.643094e+00 2.082128e+00 3.626898e+00 7.302042e-01 
-3.428929e+00 2.938368e+00 1.146855e-01 7.531284e-01 
4.526973e+00 -2.095118e+00 -2.363803e+00 9.485445e-01 
5.413522e-01 4.567501e+00 1.470057e-01 8.828695e-01 
1.161103e+00 4.571333e-01 -2.674550e+00 8.932605e-01 
7.959019e-01 -3.848704e+00 2.749320e+00 8.825282e-01 
2.395962e+00 4.442691e+00 6.562533e-01 1.078427e+00 
1.043185e+00 1.395078e+00 -2.920349e+00 7.604459e-01 
-3.678322e+00 3.071066e+00 -7.883093e-01 1.139177e+00 
-6.187311e-01 2.947891e+00 -2.191060e+00 8.986913e-01 
-4.471129e+00 4.462424e+00 3.657681e-01 1.258196e+00 
1.358736e+00 9.371161e-01 1.575331e+00 8.770899e-01 
3.260118e+00 -1.524697e+00 4.534072e-01 8.270153e-01 
-4.407772e+00 -4.148351e+00 1.453739e+00 9.375826e-01 
4.316447e+00 -1.913195e+00 4.636952e+00 1.296079e+00 
-4.750969e+00 -2.002782e+00 2.840618e+00 1.031487e+00 
-8.260714e-01 -3.653983e+00 1.871283e+00 9.289883e-01 
-3.846157e+00 -3.024974e+00 -2.619524e+00 6.833087e-01 
3.234553e+00 4.166871e+00 -3.635079e+00 9.228072e-01 
6.487515e-01 1.211827e+00 1.084729e+00 9.342452e-01 
1.003884e+00 1.512948e+00 -1.907875e+00 9.144544e-01 
-4.154440e-01 9.138730e-01 -3.954580e+00 7.783281e-01 
-8.861589e-01 -2.980689e+00 -2.735687e+00 8.928846e-01 
8.479559e-01 3.155078e+00 -4.177808e+00 9.028527e-01 
2.159829e+00 4.083257e+00 4.702465e+00 6.885436e-01 
3.575024e+00 9.510909e-01 -4.641414e+00 7.276793e-01 
-2.637787e+00 1.776845e+00 -1.771362e+00 9.681002e-01 
4.479163e+00 1.695106e+00 4.239785e+00 1.048815e+00 
-2.956120e+00 3.380451e+00 1.249409e+00 8.438683e-01 
-3.426600e+00 -3.885188e+00 -2.434744e+00 8.973115e-01 
1.206235e-01 -3.566278e+00 -8.755862e-01 1.069668e+00 
1.659499e+00 -1.174390e+00 4.873424e-01 6.909009e-01 
3.419288e+00 3.588071e+00 -1.985128e+00 8.998079e-01 
-4.150858e+00 -4.009584e+00 1.079839e-01 9.104691e-01 
1.044217e+00 -4.231131e-01 -4.144764e+00 8.726386e-01 
2.966041e-02 -1.510173e+00 -1.327602e+00 1.037685e+00 
2.200127e+00 1.256131e+00 2.562186e+00 8.959848e-01 
-6.311100e-01 -2.077113e+00 -1.663881e+00 8.139749e-01 
-1.695546e+00 2.764603e+00 1.331695e+00 9.414726e-01 
1.978111e+00 -3.835585e+00 -3.251492e+00 8.266828e-01 
1.719710e+00 -1.877527e-01 -2.180797e+00 9.149043e-01 
-4.658929e-02 -1.784648e+00 -2.881093e+00 9.337451e-01 
-1.114548e+00 3.422302e+00 4.195627e+00 8.385329e-01 
4.553107e+00 1.276930e+00 3.182419e+00 9.155690e-01 
1.491599e+00 2.310182e+00 1.927940e+00 1.072266e+00 
-3.588160e+00 -2.426229e+00 8.158491e-01 9.741147e-01 
2.453703e+00 -3.193889e+00 3.331764e+00 1.049699e+00 
2.476310e+00 8.758226e-01 4.070206e+00 1.040350e+00 
-1.867325e+00 -2.572404e+00 1.220060e+00 9.288637e-01 
-2.089865e+00 1.932409e+00 4.141202e+00 1.019434e+00 
3.238950e+00 2.076764e+00 -2.645422e-01 9.531091e-01 
-3.384089e+00 1.646343e+00 2.192527e+00 6.415717e-01 
-4.344525e-01 -2.886740e+00 -4.457381e+00 9.503746e-01 
-6.195989e-01 -3.278444e+00 -3.247447e-01 8.580000e-01 
4.180431e+00 -5.676573e-01 -6.078111e-01 1.085891e+00 
-3.501854e+00 -2.158662e+00 3.336522e+00 1.057916e+00 
1.401226e+00 5.198549e-01 3.587513e+00 9.779244e-01 
5.214098e-01 -3.112861e-01 8.034706e-01 8.555827e-01 
4.109253e+00 -1.627823e-01 2.151407e+00 9.024885e-01 
-4.669987e-01 -2.404291e+00 -3.428384e+00 9.212255e-01 
2.438614e+00 -2.283437e-01 2.854473e+00 8.886161e-01 
-2.666948e+00 2.879249e+00 -3.771427e-01 1.064569e+00 
-2.916994e+00 1.385760e+00 1.440889e+00 7.736942e-01 
4.009051e+00 -1.049592e+00 -2.478330e+00 8.845437e-01 
-4.434619e+00 4.593753e+00 -4.514202e+00 9.436049e-01 
3.992907e+00 3.442834e+00 2.224914e+00 9.212022e-01 
4.448612e+00 -4.496106e+00 -2.326303e+00 9.329164e-01 
2.118283e+00 4.314588e+00 4.041150e+00 7.151345e-01 
-1.869024e+00 3.744708e+00 4.461226e+00 8.862552e-01 
-1.008328e+00 1.810507e+00 2.911165e+00 1.315563e+00 
-1.522644e+00 4.143359e+00 -1.484119e+00 9.370335e-01 
2.195920e+00 3.092100e+00 -2.591300e+00 7.107506e-01 
-2.386028e-01 -3.005371e+00 4.056837e+00 1.057442e+00 
8.616968e-02 1.232549e+00 -1.279322e+00 9.231969e-01 
-4.922735e-01 3.973250e-01 -3.181466e+00 1.032391e+00 
1.093352e+00 1.986751e+00 -3.458496e+00 8.422971e-01 
-1.349646e+00 -2.565209e+00 -3.464991e+00 8.746595e-01 
2.885997e+00 -3.325468e+00 2.423949e+00 9.784234e-01 
-1.534790e+00 3.209272e+00 -1.764312e+00 1.013531e+00 
5.674608e-01 1.393429e+00 -3.354746e-01 1.175887e+00 
2.534504e-01 1.982937e+00 -1.699431e+00 8.290073e-01 
-1.579514e+00 -3.264322e+00 -6.668369e-01 1.136473e+00 
2.728547e+00 -4.639562e+00 -3.485376e+00 8.335744e-01 
-9.247279e-01 -1.510559e+00 3.987118e+00 1.152329e+00 
-3.019017e+00 -4.255050e+00 -1.148694e+00 8.552163e-01 
-4.131568e+00 2.718321e+00 -2.324931e+00 7.873115e-01 
3.914374e+00 -4.038965e+00 -6.077943e-01 7.766363e-01 
-4.270668e+00 -3.581696e+00 8.252202e-01 7.769794e-01 
-3.312692e+00 4.542821e+00 -3.819242e+00 8.965800e-01 
-2.774433e+00 -2.093925e+00 -4.469095e+00 1.053292e+00 
3.556268e+00 2.666484e+00 1.380338e+00 1.090580e+00 
4.057814e+00 2.291264e+00 2.456957e+00 8.264666e-01 
2.505588e+00 -3.689313e+00 -4.130887e+00 1.215428e+00 
-2.630764e-01 2.845687e+00 -4.130941e+00 1.077687e+00 
-2.623719e+00 1.889945e+00 -7.631833e-01 1.061100e+00 
-3.861441e+00 -3.598684e+00 -3.180240e+00 9.214085e-01 
8.913608e-01 3.413415e+00 -2.480754e+00 7.132765e-01 
3.780713e+00 -2.826088e+00 -3.118542e+00 1.002358e+00 
-1.245048e+00 4.094045e+00 -3.209647e+00 9.678762e-01 
1.211190e-01 1.530163e+00 3.002661e+00 1.019059e+00 
1.174839e+00 -1.073396e+00 3.229768e+00 8.333854e-01 
-4.256878e+00 -2.854610e+00 2.512870e+00 1.044235e+00 
3.415889e+00 -8.041840e-01 6.237745e-02 6.883233e-01 
-7.198272e-01 -4.413978e+00 4.371607e+00 9.847353e-01 
-4.061016e+00 -1.299121e+00 2.709580e+00 9.475198e-01 
3.907666e-01 1.769674e+00 -2.527289e+00 9.026815e-01 
-1.188861e+00 1.330604e+00 -2.500128e+00 7.948623e-01 
1.616243e+00 -3.717564e-01 3.646426e+00 8.601985e-01 
4.201539e+00 -4.307608e+00 1.578436e+00 9.055495e-01 
4.645649e+00 -4.435268e-02 3.412773e-01 1.272961e+00 
2.644549e-01 -6.998857e-01 -4.018889e+00 7.960904e-01 
4.690767e+00 6.114105e-01 4.409223e+00 9.720431e-01 
2.759050e+00 3.611976e-01 -2.270435e+00 9.445944e-01 
2.774345e+00 3.115397e+00 9.922245e-01 8.447141e-01 
6.741253e-01 -2.863279e+00 3.902675e+00 8.155543e-01 
-3.095522e+00 -6.737068e-01 -3.258039e+00 1.333871e+00 
-2.490445e+00 -2.432291e+00 -2.951179e+00 1.035995e+00 
1.959453e+00 4.543747e+00 2.649181e+00 1.010735e+00 
-3.376442e+00 -2.014331e+00 -2.590036e+00 1.052168e+00 
4.484698e+00 2.350694e+00 -2.406831e+00 1.149459e+00 
9.458561e-01 -3.405505e+00 4.561773e-01 8.813143e-01 
-1.687661e+00 3.403655e+00 -3.632946e+00 8.526114e-01 
1.688595e+00 1.025698e+00 -3.451027e+00 1.066700e+00 
3.779027e+00 -9.264813e-01 1.891307e+00 7.890945e-01 
-2.197840e+00 -2.419219e+00 -2.946371e-01 1.086192e+00 
2.886224e+00 2.604628e-01 -1.218160e-01 8.577118e-01 
6.593205e-01 -3.777341e+00 -1.595519e+00 7.775413e-01 
3.474287e+00 1.558220e+00 -1.047862e+00 8.550214e-01 
-3.241514e+00 -2.449161e-01 -1.815397e+00 9.558616e-01 
-1.645660e-01 1.073626e+00 4.453250e+00 9.426068e-01 
4.238048e+00 4.414657e+00 -3.723509e+00 9.463578e-01 
-4.064583e+00 3.172815e+00 1.923568e+00 8.235092e-01 
3.849843e+00 -1.890626e+00 -2.959174e+00 9.005505e-01 
4.293804e+00 4.469645e+00 3.972307e+00 8.180672e-01 
1.360304e+00 -3.462689e+00 -3.929725e+00 1.153960e+00 
-4.527448e+00 3.255898e-01 1.383358e+00 1.038004e+00 
1.424063e+00 -3.549802e+00 1.349013e+00 8.325172e-01 
4.721598e+00 -1.340537e+00 -1.770386e+00 1.010451e+00 
3.695302e-01 -4.018727e+00 2.622120e-02 1.008716e+00 
-3.766038e+00 4.709548e+00 2.446048e+00 9.245362e-01 
-4.632815e+00 -2.345333e+00 1.355897e+00 8.154449e-01 
-2.702698e+00 -8.628716e-01 3.719259e+00 9.151114e-01 
-4.420870e+00 -1.648719e+00 3.776084e+00 1.075096e+00 
4.614224e+00 -4.619435e+00 3.216683e+00 9.460853e-01 
-2.760854e-02 -6.333663e-01 -2.665464e+00 9.856220e-01 
-3.621162e+00 3.694640e+00 1.544927e+00 7.414727e-01 
3.940283e+00 -4.264858e+00 2.491537e+00 9.958553e-01 
-4.522864e+00 -3.346164e-01 4.229146e+00 9.408051e-01 
-4.284762e+00 -3.453115e+00 4.301849e+00 1.078739e+00 
-2.875270e+00 1.165318e+00 4.706041e+00 1.009884e+00 
-2.375584e+00 2.960375e+00 6.336982e-01 1.045666e+00 
1.723082e+00 4.270144e+00 1.539465e+00 1.168884e+00 
4.544639e+00 2.298937e+00 1.093065e+00 1.063923e+00 
-1.661601e+00 1.704141e+00 -7.058889e-01 9.020369e-01 
9.948093e-01 -7.853366e-01 -8.875670e-01 8.854225e-01 
-3.366923e-01 -9.885266e-01 -3.484490e+00 9.037967e-01 
-3.926279e+00 -6.595435e-01 -4.345261e+00 9.126498e-01 
-4.457214e+00 5.483414e-02 -4.452518e+00 8.803706e-01 
3.291864e+00 2.205368e+00 4.399915e+00 7.959534e-01 
-2.196513e+00 4.022142e+00 1.026340e-01 8.380839e-01 
3.057102e+00 -4.313233e+00 8.524091e-01 8.539939e-01 
3.473317e+00 3.695203e+00 1.418934e+00 9.749781e-01 
2.852000e+00 4.544502e+00 -2.559703e+00 9.015495e-01 
-7.010986e-01 -3.172786e+00 2.550636e+00 7.546861e-01 
-1.988874e-01 -3.487665e+00 -1.943219e+00 9.066976e-01 
-3.170608e+00 3.405905e+00 4.616585e+00 1.145124e+00 
-2.542216e+00 3.659312e+00 -4.020834e+00 1.061872e+00 
3.440663e+00 -1.482714e+00 2.627286e+00 1.065727e+00 
-1.578111e+00 -1.885304e+00 7.340235e-01 8.510043e-01 
3.176008e-01 9.528152e-01 -2.946516e+00 9.394481e-01 
4.715674e+00 -2.480175e+00 -1.454261e-01 9.877676e-01 
3.428331e+00 2.712990e+00 -2.454276e+00 1.086091e+00 
-3.383280e+00 1.430168e+00 -2.078597e+00 7.872780e-01 
-1.009936e+00 -2.554392e+00 -3.543215e-01 7.881937e-01 
-3.650483e+00 4.504908e+00 1.541564e+00 8.801387e-01 
-8.092791e-01 -3.627306e+00 -1.262994e+00 9.423936e-01 
1.654877e+00 3.367518e+00 -3.890208e+00 7.791444e-01 
1.816313e+00 -3.100621e+00 6.507991e-01 1.003920e+00 
-1.664640e+00 -1.989614e+00 -4.197808e+00 1.092626e+00 
-1.329113e+00 -3.562852e-01 -3.626317e+00 8.782550e-01 
4.389356e+00 2.887929e+00 2.980470e+00 8.939941e-01 
2.789787e-02 1.533060e+00 1.623342e+00 8.306944e-01 
6.235999e-01 -1.294626e+00 4.151524e+00 8.139786e-01 
-1.707019e+00 2.803048e+00 4.246720e+00 8.785673e-01 
1.744157e+00 1.168650e+00 -2.421642e+00 1.014796e+00 
7.079631e-01 3.603495e+00 4.244948e+00 9.523095e-01 
4.430122e+00 -3.733278e+00 3.090440e+00 8.815949e-01 
2.252400e+00 1.416099e-01 3.578361e+00 7.793836e-01 
-2.072316e+00 4.536942e+00 -3.299673e+00 9.032580e-01 
3.241187e+00 -1.690872e+00 -4.733024e+00 9.173106e-01 
-3.327900e+00 1.042500e+00 2.868021e+00 9.750034e-01 
3.881550e+00 -3.761642e+00 -2.693349e+00 1.062799e+00 
2.578975e+00 -3.545079e+00 1.227637e+00 1.105049e+00 
-7.824619e-01 -3.546649e+00 4.586867e+00 8.069331e-01 
1.650068e+00 -3.323941e+00 4.522131e+00 7.857622e-01 
-1.796286e+00 3.737657e+00 8.422863e-01 9.375270e-01 
2.416209e+00 5.054123e-01 1.129109e+00 9.191423e-01 
-2.626179e+00 -1.300879e+00 -2.217684e-01 1.110202e+00 
9.690464e-01 3.741663e-01 1.046928e+00 8.526268e-01 
-9.611620e-01 -2.879571e+00 -1.822763e+00 9.502430e-01 
4.120781e+00 -3.133178e+00 4.535697e+00 1.183353e+00 
9.009567e-01 1.245052e-01 1.992733e+00 1.108511e+00 
1.221900e+00 -4.337790e+00 4.336378e-01 9.056715e-01 
-2.974031e+00 2.595796e+00 -1.285622e+00 8.298098e-01 
-4.948203e-01 3.834442e+00 -1.084332e+00 7.165099e-01 
3.611680e+00 4.634166e+00 3.297436e+00 1.129045e+00 
1.985175e+00 3.522586e+00 8.271628e-01 9.617596e-01 
4.398101e+00 3.622565e+00 3.826216e+00 9.137128e-01 
-3.883769e+00 -3.827780e+00 2.280308e+00 1.059724e+00 
3.623259e+00 3.589813e+00 3.747184e+00 6.453889e-01 
1.799938e+00 -1.117289e+00 1.411835e+00 8.617679e-01 
-2.894984e+00 1.568509e+00 3.498334e+00 8.692794e-01 
-3.110135e+00 -2.305521e+00 -1.673545e+00 9.434937e-01 
2.412120e+00 -3.002280e+00 4.300439e+00 9.269384e-01 
6.560831e-01 -3.197511e+00 -2.291161e+00 1.028479e+00 
-4.194099e+00 -2.714045e-01 -2.902225e+00 1.111796e+00 
-3.040241e+00 1.409722e+00 6.053421e-01 9.151872e-01 
4.385022e+00 -9.006109e-01 3.739052e+00 9.787426e-01 
-3.922648e+00 -2.460478e+00 1.739567e+00 8.152588e-01 
2.068938e+00 2.819612e+00 3.575941e+00 9.760456e-01 
4.617220e+00 -3.459066e+00 2.312631e-01 9.510930e-01 
2.908239e+00 3.588101e+00 -2.865889e+00 1.110033e+00 
-1.557185e+00 -3.658939e+00 1.137517e+00 1.142691e+00 
-2.081568e+00 -9.287235e-01 -1.922559e+00 9.194589e-01 
1.278629e+00 -9.122221e-01 2.252427e+00 1.158541e+00 
-2.607650e-02 4.670187e+00 -4.201115e+00 9.265151e-01 
2.427789e-01 4.121214e+00 -3.497835e+00 9.370910e-01 
2.761042e+00 -2.016046e+00 -2.898384e+00 7.897849e-01 
1.757316e+00 -1.842047e+00 -2.696507e+00 9.948992e-01 
-1.915828e+00 3.215593e+00 2.200157e+00 7.594767e-01 
3.787083e+00 -1.171215e+00 -4.190923e+00 9.394806e-01 
-2.553392e+00 -3.450986e+00 2.640707e+00 1.067076e+00 
4.689464e+00 1.504556e+00 -8.608713e-01 9.842764e-01 
8.540529e-01 -1.268684e+00 -1.512726e+00 7.197557e-01 
1.377405e+00 2.816456e+00 1.119828e+00 8.485660e-01 
2.468346e+00 2.322154e+00 -2.336763e+00 1.000180e+00 
-3.316132e+00 -3.535285e+00 -7.481616e-01 8.960065e-01 
-4.392267e+00 2.991584e+00 2.481959e-01 1.194871e+00 
1.577815e+00 1.825254e+00 2.728004e+00 8.067670e-01 
-2.826703e-01 3.146113e+00 4.254888e-01 8.139631e-01 
9.941819e-02 -3.268525e+00 2.800273e+00 9.332847e-01 
1.448053e+00 -2.595691e+00 -2.058879e+00 1.014421e+00 
-2.969757e-01 -3.971948e+00 -2.774159e+00 7.503120e-01 
1.019503e-01 -3.974188e+00 1.834528e+00 1.035808e+00 
-7.846246e-02 2.017804e+00 -8.656564e-01 8.821823e-01 
-3.904918e+00 -3.968788e+00 -4.503250e+00 8.237236e-01 
-2.315460e+00 1.069168e+00 -4.022009e+00 9.204913e-01 
-4.730248e+00 -4.748269e+00 -3.144343e+00 7.816575e-01 
-2.931347e+00 -2.736076e+00 -8.808329e-01 8.957837e-01 
4.197022e-01 -2.507822e+00 -5.634601e-01 9.148163e-01 
-4.188047e+00 4.269435e+00 -3.631400e+00 9.756076e-01 
-3.882477e+00 -9.523857e-01 4.331842e+00 8.505981e-01 
-3.614351e+00 1.098480e+00 -3.809362e+00 8.759755e-01 
1.850739e-01 2.283923e+00 -3.338500e+00 1.061827e+00 
2.349863e+00 -3.364588e+00 -8.884127e-01 1.069299e+00 
-1.850211e+00 -1.650749e+00 -1.634359e+00 7.027690e-01 
-8.572014e-01 -4.276036e+00 -4.125159e+00 1.075667e+00 
3.567079e+00 8.212744e-01 -2.105571e+00 8.784283e-01 
-6.403977e-03 -4.505963e+00 3.684274e+00 1.005100e+00 
1.345324e+00 2.189321e+00 4.548761e+00 9.718603e-01 
-1.248209e+00 -1.070664e+00 -2.153524e+00 8.318869e-01 
1.696072e+00 -9.351690e-01 -3.091865e-01 9.571223e-01 
-1.027370e+00 -1.184884e+00 -4.143007e+00 9.632970e-01 
-3.023393e+00 1.388219e+00 -3.244174e+00 8.590959e-01 
4.317400e+00 2.667550e+00 3.992596e+00 9.732141e-01 
-2.810078e+00 -4.725267e+00 -2.524080e+00 1.194398e+00 
-4.022751e+00 -6.153068e-01 9.571478e-01 1.102312e+00 
-3.576607e+00 -3.283007e+00 1.105853e+00 8.350896e-01 
-2.020395e+00 2.377261e+00 2.565061e+00 1.079278e+00 
3.990321e-01 3.004149e+00 3.430940e+00 1.161337e+00 
2.290702e-01 1.982026e+00 4.020380e+00 1.218428e+00 
-1.490198e+00 -2.887100e+00 3.583426e-01 1.054885e+00 
-4.576704e+00 -2.910751e+00 -2.376553e+00 8.726905e-01 
3.808257e+00 1.788860e+00 -4.470536e+00 1.044836e+00 
-4.726765e+00 4.192929e+00 -5.997420e-01 8.096216e-01 
1.195687e+00 2.642466e+00 3.824386e+00 7.572810e-01 
1.568654e-01 4.114818e+00 8.189312e-01 9.107137e-01 
-2.945092e+00 3.609584e+00 2.041453e-01 8.834034e-01 
-1.250515e-01 2.683584e+00 4.531896e+00 6.569224e-01 
-2.089427e+00 2.046576e+00 1.702849e+00 7.727779e-01 
-2.908535e+00 -3.601771e+00 -3.169255e+00 9.845393e-01 
8.016672e-01 -1.208822e+00 -4.341226e+00 8.182388e-01 
2.068522e+00 4.524501e+00 -2.291823e+00 7.549424e-01 
9.139264e-01 -2.359426e+00 1.444599e+00 9.112048e-01 
-2.291606e+00 -2.699792e+00 -3.865677e+00 9.106945e-01 
-3.819600e+00 1.179171e+00 1.272780e+00 1.108471e+00 
3.689105e+00 2.309976e+00 -3.636706e+00 9.361044e-01 
-4.661265e+00 -1.108906e+00 -2.653008e+00 8.317602e-01 
-1.234354e+00 2.261444e+00 -1.947661e+00 1.008603e+00 
8.496593e-01 -3.539006e-01 -2.417453e+00 9.187796e-01 
2.599728e+00 1.303875e+00 4.976936e-01 1.149585e+00 
-4.072224e+00 1.000515e+00 -8.123427e-01 8.201622e-01 
2.338017e+00 2.797211e+00 4.494797e+00 9.369462e-01 
2.178828e-01 -3.867007e-01 -1.522241e+00 1.273592e+00 
-4.418148e+00 4.244944e+00 -2.435067e+00 1.079420e+00 
9.266531e-01 3.070002e+00 -7.528595e-01 1.012599e+00 
4.232091e+00 -1.519285e+00 1.394100e+00 1.004111e+00 
3.019180e+00 -1.635896e-01 -3.793209e+00 8.222561e-01 
-3.554067e-02 -2.324990e-01 4.588346e+00 1.045550e+00 
-3.146191e+00 -3.903332e+00 4.692034e+00 6.873219e-01 
-1.897418e+00 2.371925e+00 -3.485043e-01 6.763962e-01 
3.109794e+00 2.950251e+00 3.907943e+00 1.026173e+00 
-3.188966e+00 -2.816103e+00 4.177857e+00 1.167368e+00 
-2.430804e+00 -4.332825e+00 -5.332354e-01 8.467221e-01 
4.637593e-01 3.581312e+00 3.533269e-02 1.082114e+00 
3.662347e+00 -2.538926e+00 -1.411341e+00 9.064451e-01 
-1.002390e+00 4.632720e-01 -3.912878e+00 7.039485e-01 
4.584872e+00 -4.288324e+00 -2.154638e-01 8.551371e-01 
-3.548908e+00 -1.433629e+00 3.820568e-01 1.111199e+00 
-3.674833e+00 -4.224665e+00 3.167737e+00 9.289468e-01 
3.240501e+00 3.196193e+00 -3.723700e+00 8.897960e-01 
1.447420e-01 -1.105284e+00 5.764624e-01 9.585892e-01 
2.321452e+00 3.758338e+00 2.273964e+00 8.674098e-01 
-1.308438e+00 -2.364340e+00 -1.101117e+00 8.645936e-01 
3.847058e+00 2.267045e+00 5.242023e-01 7.374558e-01 
1.448940e+00 -4.679036e+00 -4.179293e+00 8.524668e-01 
3.196048e+00 -6.153690e-01 -9.054158e-01 9.730928e-01 
7.781364e-02 -2.987474e+00 -3.014329e+00 8.703051e-01 
6.849609e-01 2.251059e+00 -4.202163e+00 9.349850e-01 
5.270431e-01 -5.523301e-03 -3.357664e+00 1.187824e+00 
3.843924e+00 -1.717577e+00 -1.860716e+00 9.085388e-01 
3.633317e+00 -8.869207e-02 -5.324033e-05 8.094828e-01 
3.586471e+00 1.615794e+00 -2.805460e+00 1.239573e+00 
4.158866e+00 -2.800624e+00 5.314660e-01 7.620982e-01 
-4.303457e+00 -3.233038e+00 1.602956e+00 9.289056e-01 
4.192566e+00 4.041061e+00 -2.838391e+00 9.304694e-01 
-1.443449e+00 4.649719e+00 6.477040e-01 1.056659e+00 
-3.104716e+00 4.405894e+00 -1.184644e+00 8.498668e-01 
-3.166971e+00 -2.620927e+00 2.366959e+00 9.835937e-01 
1.641216e+00 -1.171861e+00 -3.842400e+00 1.135798e+00 
-1.101242e+00 3.276795e-01 1.425776e+00 1.041830e+00 
-4.036654e+00 5.316808e-01 2.210534e+00 9.293022e-01 
-4.263484e+00 -2.058201e+00 5.323972e-01 6.652167e-01 
-2.753062e+00 -3.132689e+00 5.516736e-01 1.086718e+00 
-8.777856e-01 4.218734e+00 -4.560283e+00 1.130881e+00 
3.378108e+00 -3.767883e+00 3.246636e+00 1.133181e+00 
-2.672755e+00 5.841363e-01 3.237325e+00 7.864701e-01 
-3.698993e+00 1.898457e-01 3.828168e+00 1.170694e+00 
-2.223894e+00 3.539730e+00 -2.863895e+00 1.022399e+00 
-2.357580e+00 -4.290029e+00 4.194211e+00 9.298179e-01 
-2.403858e+00 -3.474314e+00 4.734849e+00 1.029592e+00 
1.040202e+00 4.223954e+00 -6.591154e-01 1.133769e+00 
-3.259792e+00 9.783652e-01 2.000190e+00 7.707132e-01 
-7.732531e-02 -1.569096e-01 8.299659e-02 1.043258e+00 
4.331289e+00 -2.023510e-01 -2.335004e+00 9.508814e-01 
-4.032993e+00 2.223223e+00 1.677526e+00 1.139406e+00 
-3.755084e+00 -4.185766e-01 2.983379e+00 9.144840e-01 
4.465641e+00 -3.511069e+00 -1.990912e+00 8.317911e-01 
-3.602564e+00 4.153056e+00 -3.062330e+00 6.738471e-01 
-9.597080e-01 2.379691e+00 -7.162267e-01 1.046428e+00 
6.787790e-01 1.470784e+00 -4.681312e+00 8.928695e-01 
-4.371386e+00 3.641266e+00 1.122396e+00 9.838888e-01 
8.427405e-01 -1.940508e+00 -1.097827e+00 8.587162e-01 
4.107940e+00 -1.890830e+00 -1.056703e+00 8.190696e-01 
-1.658634e+00 1.052352e+00 4.735193e+00 9.989501e-01 
-1.776353e+00 1.492042e+00 -1.929977e+00 8.740069e-01 
-2.762656e+00 -8.390325e-01 -1.493194e+00 7.007551e-01 
-5.603545e-01 -1.800032e+00 -5.436490e-01 1.008501e+00 
1.331593e+00 4.337260e+00 -2.701323e+00 8.004939e-01 
4.492936e+00 -4.207542e+00 7.416893e-01 8.777851e-01 
4.737459e+00 2.738853e+00 2.164413e+00 9.030825e-01 
1.548885e+00 -1.528111e+00 -9.988679e-01 7.887118e-01 
4.737549e+00 1.736548e+00 -4.259418e+00 8.639761e-01 
-2.519617e+00 3.496571e+00 3.681935e+00 1.140115e+00 
-1.623809e+00 -5.718679e-01 -1.717355e-01 9.012150e-01 
-3.425200e+00 -2.699141e+00 -3.450913e+00 1.150061e+00 
4.107748e+00 4.675287e+00 -4.661211e+00 1.017507e+00 
1.376899e+00 -2.632943e+00 2.488291e+00 7.506994e-01 
-3.284866e+00 2.514927e+00 9.250220e-01 1.061547e+00 
3.947727e+00 6.153456e-01 -2.875858e+00 8.886488e-01 
-3.337945e-01 -2.047267e-01 1.016744e+00 8.957598e-01 
-2.603369e+00 -1.237350e+00 4.561093e+00 9.383025e-01 
4.446324e+00 -2.836828e+00 -3.661690e+00 6.367796e-01 
-2.536974e+00 -3.345676e+00 -3.784622e-01 8.700241e-01 
-2.727960e+00 -4.034957e+00 -4.155360e+00 7.609724e-01 
3.632408e+00 -7.808698e-01 9.346946e-01 1.094980e+00 
-4.181301e+00 1.596883e+00 3.090987e+00 7.667947e-01 
-2.779440e+00 4.495965e+00 -1.934651e-01 7.768311e-01 
-2.497183e+00 -1.749787e+00 -2.159769e+00 9.758454e-01 
1.316283e+00 8.397906e-01 -4.672028e+00 9.011771e-01 
3.740720e+00 -3.997227e+00 -4.655350e+00 8.083729e-01 
4.723145e+00 2.828085e+00 -7.758117e-01 1.023027e+00 
-2.231533e+00 9.235722e-01 4.044298e+00 8.139369e-01 
-5.405811e-01 1.476464e+00 -3.195260e+00 1.128225e+00 
-4.077833e+00 1.776279e+00 -2.619150e+00 1.104170e+00 
2.402256e-01 -2.106795e+00 4.122484e+00 9.831712e-01 
-2.566974e+00 2.487925e+00 -4.596709e+00 9.573956e-01 
3.199710e+00 2.092852e+00 2.195098e+00 1.011229e+00 
-3.544524e+00 -1.140855e+00 1.774311e+00 8.155673e-01 
-2.910771e+00 1.789502e+00 -4.046505e+00 9.491346e-01 
-2.945968e+00 4.207297e+00 2.564555e+00 8.959000e-01 
4.560799e+00 4.405154e-01 3.508469e+00 8.799327e-01 
-4.715201e+00 -1.380007e+00 -7.795369e-01 9.779822e-01 
-2.212925e+00 4.026440e+00 -2.053691e+00 8.680382e-01 
4.148335e+00 4.314865e+00 2.493086e+00 9.075518e-01 
1.683127e+00 1.709557e-01 1.440569e+00 8.086052e-01 
-1.993823e+00 -2.515818e+00 4.351774e+00 1.191750e+00 
1.773600e+00 3.544047e+00 -1.076949e+00 1.033931e+00 
1.216663e+00 3.038536e+00 -1.614302e+00 8.038104e-01 
1.871061e+00 1.328086e-01 4.361576e+00 9.629396e-01 
4.086864e+00 2.669839e+00 -1.500802e+00 9.299761e-01 
4.501097e+00 -8.436019e-01 -4.677839e+00 9.090155e-01 
-1.135081e+00 1.634000e+00 -4.101995e+00 1.063045e+00 
-2.021663e+00 1.210143e-01 -3.254581e+00 8.826923e-01 
4.597343e+00 2.524828e+00 -3.445665e+00 9.692081e-01 
-1.750785e+00 -1.280559e+00 -7.020579e-01 8.872011e-01 
1.623630e+00 -2.569707e+00 4.380766e+00 7.498818e-01 
-3.606309e+00 3.373566e+00 7.388795e-01 8.095339e-01 
-3.273048e+00 4.096904e+00 3.381602e+00 8.780599e-01 
3.441551e+00 2.699566e+00 -4.438186e+00 8.963185e-01 
3.420532e+00 -2.759246e-01 -2.191247e+00 8.990473e-01 
1.453050e+00 -3.007410e+00 3.770294e+00 7.907118e-01 
-8.721787e-01 -3.162653e-01 3.874316e+00 8.860501e-01 
2.006001e+00 3.922998e+00 -3.233684e+00 8.818679e-01 
-9.100607e-02 -2.643288e+00 -2.131830e+00 8.370729e-01 
-4.329411e+00 3.363948e+00 2.740499e+00 9.360841e-01 
-4.156810e+00 -1.689278e+00 -4.740390e+00 8.382581e-01 
1.750136e+00 2.198106e+00 -1.514750e+00 1.197017e+00 
-3.421469e-01 -3.674780e+00 6.439079e-01 9.975942e-01 
4.496998e-01 -2.778551e+00 -1.437902e+00 9.169503e-01 
-3.125011e+00 2.336604e+00 2.699258e+00 1.147683e+00 
-3.796253e+00 -2.026600e+00 2.372932e+00 7.408597e-01 
3.456564e+00 -2.096385e+00 -3.786719e+00 9.566957e-01 
3.469091e+00 4.237812e+00 -1.366273e+00 8.975511e-01 
3.425079e+00 5.975272e-01 5.750012e-01 1.028588e+00 
4.655761e+00 -4.009694e+00 -4.405174e+00 1.025924e+00 
1.949747e+00 3.002198e+00 2.631268e+00 9.629761e-01 
2.584053e+00 3.909219e+00 -1.976057e+00 8.899811e-01 
3.531086e+00 3.116863e+00 3.836006e-01 1.097534e+00 
2.182123e+00 3.561499e+00 4.109904e+00 8.026883e-01 
-3.116309e+00 -3.409607e+00 1.832720e+00 9.041480e-01 
-1.832326e+00 -4.076552e+00 3.156751e+00 1.014579e+00 
1.547333e+00 -5.588193e-01 -3.011737e+00 9.374937e-01 
2.588850e+00 -6.130134e-01 -1.480992e-01 9.682720e-01 
4.284424e+00 3.543893e+00 -2.098245e-01 1.002015e+00 
-1.546915e+00 9.386284e-01 -3.455711e+00 1.006574e+00 
1.289424e+00 -4.501252e-01 1.442586e+00 6.621047e-01 
3.179259e+00 3.785900e+00 2.286283e+00 8.490894e-01 
-3.411326e+00 2.309649e+00 -2.022045e+00 9.762089e-01 
1.992964e+00 2.011883e+00 -3.554055e+00 9.677461e-01 
-1.365066e-01 -2.140453e+00 1.486410e+00 1.019138e+00 
-9.117503e-01 -2.767326e-02 -4.971673e-01 1.005700e+00 
-1.353642e+00 -1.792889e+00 2.649201e+00 9.564317e-01 
-4.034621e+00 -4.479151e+00 -1.867936e+00 9.869165e-01 
2.929545e+00 -2.260564e+00 1.041715e+00 8.687834e-01 
-4.514238e-01 9.088971e-01 -2.338719e+00 9.345344e-01 
6.043710e-01 4.916138e-01 2.836595e+00 8.252265e-01 
1.124173e+00 -7.311924e-01 4.559364e+00 8.569692e-01 
-9.377994e-01 3.854258e+00 -2.288302e+00 1.032901e+00 
-2.590443e+00 -4.699915e+00 6.406367e-01 1.044287e+00 
2.529862e-02 -1.743041e+00 -3.779605e+00 8.709403e-01 
-1.560570e+00 -3.542673e+00 4.035480e+00 1.100417e+00 
2.086568e+00 -4.065653e-01 7.608174e-01 1.149309e+00 
3.736774e+00 7.379148e-01 -3.803970e+00 1.030639e+00 
-1.381738e+00 3.071957e+00 -2.712950e+00 9.278036e-01 
-2.513156e-01 3.345280e+00 4.148965e+00 8.928124e-01 
-4.497448e+00 4.250277e+00 2.708449e+00 8.689952e-01 
-2.900054e+00 5.133405e-01 1.094186e+00 1.104183e+00 
-7.641026e-01 -4.359577e+00 1.219051e+00 9.800633e-01 
-4.742927e+00 4.870431e-01 -2.693235e+00 8.066744e-01 
1.724838e+00 -2.504461e+00 -3.491602e+00 1.075872e+00 
4.104210e-01 -1.282656e+00 -2.170549e+00 8.673625e-01 
1.062370e+00 4.355227e+00 2.344628e+00 9.211554e-01 
9.464290e-01 -4.542770e+00 -1.364336e+00 9.215848e-01 
2.625605e+00 -9.180618e-01 -3.952712e+00 9.092984e-01 
2.605523e+00 1.362268e+00 -3.212504e+00 9.442012e-01 
-2.054451e+00 -3.946440e+00 -2.709921e+00 1.007492e+00 
2.555241e+00 -1.063727e-01 -1.600149e+00 7.399738e-01 
-7.243265e-01 3.105268e+00 -1.296111e+00 8.699558e-01 
4.041050e+00 4.632855e+00 -7.626438e-01 9.437137e-01 
-1.168330e-01 9.187242e-02 2.284257e+00 1.009929e+00 
-6.737458e-01 2.533048e+00 3.733307e+00 9.734777e-01 
-3.092106e+00 -8.960707e-01 -4.307201e+00 8.110739e-01 
-2.357594e+00 4.086863e+00 1.682211e+00 1.200215e+00 
-2.476815e-01 4.587235e-01 -1.695074e+00 6.873911e-01 
-3.893850e-01 3.279852e+00 -4.542408e-01 9.754729e-01 
-3.653848e+00 -1.573278e+00 -3.894094e+00 1.132964e+00 
3.314549e-01 3.226369e+00 -3.465572e+00 8.625217e-01 
-4.365617e+00 -4.568201e-01 -1.895806e+00 9.634657e-01 
3.466767e+00 -2.368147e+00 2.890403e-01 9.406143e-01 
-8.156658e-01 -1.064679e+00 1.818326e-01 1.119645e+00 
-3.620344e+00 -3.711981e+00 -1.610430e+00 8.313081e-01 
1.941317e+00 3.175174e+00 1.703226e+00 9.251487e-01 
4.205100e-01 2.427791e+00 -2.349023e-01 9.232682e-01 
-2.107669e+00 3.043254e-01 6.533433e-02 1.156004e+00 
2.596075e+00 4.687683e+00 3.479701e+00 9.373899e-01 
-2.071747e+00 -3.911927e+00 2.196278e-01 1.021839e+00 
-2.383487e+00 1.011318e-02 3.954844e+00 1.002698e+00 
2.840084e+00 4.490149e+00 4.314338e+00 8.460653e-01 
5.768319e-01 2.106467e+00 2.332760e+00 9.694766e-01 
3.171184e+00 -1.685268e+00 -1.114123e+00 1.102455e+00 
9.101994e-01 -4.378334e-01 -2.223116e-02 9.871923e-01 
3.779089e+00 8.920357e-01 3.958802e+00 1.137730e+00 
-8.210219e-01 4.629512e+00 -1.623844e+00 7.928702e-01 
-3.000362e-02 5.461227e-01 7.247171e-01 8.262663e-01 
2.692244e+00 -1.233707e+00 1.125693e+00 1.026764e+00 
9.620901e-01 -1.407041e+00 1.014731e-01 9.697014e-01 
4.451423e+00 -2.508569e+00 3.665405e+00 9.980326e-01 
2.078045e+00 2.557803e+00 5.130577e-01 1.075977e+00 
1.843211e+00 2.679412e+00 -5.104059e-01 1.038178e+00 
3.036753e+00 -4.313626e+00 -4.659456e+00 7.352520e-01 
-1.987885e+00 -4.504526e+00 1.298497e+00 7.822227e-01 
-1.132852e+00 -1.469982e+00 -1.321693e+00 9.035189e-01 
4.054730e+00 -3.258843e+00 3.602778e+00 7.039642e-01 
-1.221275e+00 2.597179e+00 -3.722971e+00 1.014263e+00 
1.015514e+00 3.200608e+00 1.872207e+00 9.502298e-01 
-2.604776e+00 -1.951409e+00 3.912093e+00 6.898883e-01 
-2.327603e+00 -6.982980e-01 -8.990520e-01 7.986863e-01 
1.809315e-02 -2.890207e+00 1.887897e-01 9.542878e-01 
-4.743014e+00 1.831606e+00 2.482727e+00 8.618639e-01 
3.123003e+00 1.418606e+00 4.453229e+00 8.138687e-01 
3.593528e+00 1.984409e+00 3.394799e+00 1.348884e+00 
5.998462e-01 -1.521962e+00 1.716093e+00 9.582338e-01 
-4.158179e+00 -2.574531e+00 3.904172e+00 8.665945e-01 
-1.301376e+00 -4.255762e-01 4.746745e+00 1.070774e+00 
1.721972e+00 1.228233e+00 -1.045816e+00 9.582971e-01 
-3.772982e+00 1.570010e-01 -3.791102e+00 1.033873e+00 
3.485345e+00 -2.769030e+00 3.254322e+00 8.760618e-01 
2.442791e+00 -8.892017e-01 3.711685e+00 1.094477e+00 
1.535604e+00 2.577124e+00 -4.133803e+00 8.921278e-01 
4.702049e+00 3.477777e+00 -3.764209e+00 1.050884e+00 
9.653105e-01 -3.515719e+00 4.194592e+00 7.280551e-01 
3.649639e+00 1.847446e-01 -7.950564e-01 7.933745e-01 
-3.796920e+00 7.553802e-01 -2.906429e+00 1.090073e+00 
-2.248907e+00 -1.218096e-01 -1.524983e+00 9.104910e-01 
3.964609e+00 3.181867e+00 -3.170003e+00 9.335168e-01 
-1.139644e+00 -3.762293e+00 1.668839e-01 8.691804e-01 
-2.093730e+00 -3.011495e-01 2.946689e+00 1.029690e+00 
-9.069742e-01 8.230464e-01 3.429639e+00 9.199493e-01 
2.873326e+00 1.437954e+00 -4.163740e+00 1.038017e+00 
-4.072304e+00 1.404541e+00 2.212272e+00 8.178770e-01 
1.472173e-01 3.746504e+00 -4.361161e+00 9.548619e-01 
-3.560797e+00 -1.052265e+00 -5.127024e-01 8.238591e-01 
3.559112e-02 1.900918e+00 7.424506e-01 1.033418e+00 
-3.052813e+00 -3.017538e+00 -2.334419e+00 1.002793e+00 
-5.177400e-01 4.618305e+00 -3.441572e+00 8.835175e-01 
3.651413e+00 -4.697742e+00 -3.057141e+00 9.978725e-01 
-3.201900e+00 2.776224e+00 3.832582e+00 8.669771e-01 
-1.362717e+00 4.720009e+00 -3.680564e+00 6.163444e-01 
5.600875e-02 -3.968934e+00 -3.989874e+00 8.701660e-01 
-3.424507e+00 4.243739e+00 6.822967e-01 9.719891e-01 
1.048242e+00 -1.871788e+00 2.749181e+00 9.876162e-01 
2.347464e+00 -1.306592e+00 3.010845e-01 7.531705e-01 
3.746141e+00 -4.040115e+00 2.401374e-01 9.522846e-01 
2.777091e+00 -2.339037e+00 3.185735e+00 7.867336e-01 
9.955905e-01 3.661848e+00 9.877021e-01 1.025391e+00 
4.029131e+00 -2.440941e+00 1.311933e+00 8.905062e-01 
-4.304448e+00 -1.928414e+00 -3.086351e+00 1.059614e+00 
-2.286516e+00 -4.696533e+00 -1.575438e+00 9.734244e-01 
3.295966e+00 -1.237752e+00 -3.369300e+00 9.795678e-01 
1.006596e+00 -3.903839e+00 -6.583717e-01 8.756616e-01 
-7.479557e-01 4.249316e-01 -4.695875e+00 9.444335e-01 
-7.392632e-01 -5.604115e-01 1.811850e+00 1.025813e+00 
2.672435e+00 -4.102858e+00 -2.794753e+00 9.193201e-01 
-3.554248e+00 -1.061876e+00 -1.419597e+00 9.505389e-01 
-1.367236e+00 1.420986e+00 1.149311e+00 6.905062e-01 
3.189069e+00 -2.281996e-01 2.249195e+00 9.528599e-01 
2.920551e+00 3.594841e+00 -4.710096e+00 1.129625e+00 
3.023328e+00 -3.279811e+00 -2.589610e+00 9.165628e-01 
2.580997e+00 3.774741e+00 1.460858e+00 8.186985e-01 
2.210378e+00 2.068208e+00 -4.455229e+00 8.807458e-01 
4.424191e+00 -1.016564e+00 2.584087e+00 1.112795e+00 
4.372247e-01 8.068128e-01 3.708595e+00 1.045208e+00 
-2.923295e+00 -4.418240e+00 1.959454e+00 1.165304e+00 
-3.626164e+00 -4.671031e+00 -4.612157e-01 1.126001e+00 
-6.851391e-01 -3.729732e+00 3.336186e+00 1.171484e+00 
2.999190e+00 -1.024315e+00 1.953343e+00 7.876940e-01 
-3.751381e+00 3.851618e+00 2.297117e+00 8.172311e-01 
-3.607573e-01 3.713726e-01 3.945983e+00 8.338730e-01 
8.115010e-01 -5.810727e-01 3.791592e+00 8.279914e-01 
-2.214466e+00 4.499038e+00 3.493971e+00 9.890987e-01 
-2.360947e+00 -2.544398e+00 3.243457e+00 1.144027e+00 
-1.713642e-01 1.841934e+00 -4.442369e+00 1.022948e+00 
1.806042e+00 4.521090e+00 -1.305310e+00 9.434379e-01 
-9.010965e-01 2.696263e+00 4.631510e+00 9.081075e-01 
-2.962647e+00 -1.710699e-01 3.253747e+00 8.317302e-01 
-1.491910e+00 1.598606e+00 2.505558e-01 1.052158e+00 
-2.677585e+00 -1.683867e+00 -3.566920e+00 9.381348e-01 
4.748773e+00 1.453250e+00 1.635184e+00 9.797026e-01 
-6.825133e-01 1.012840e+00 2.078607e+00 9.973347e-01 
2.353273e+00 -4.033814e+00 2.448571e-01 1.087727e+00 
1.626082e+00 -2.372097e+00 -1.132227e+00 9.240172e-01 
1.641560e+00 -2.802489e+00 1.669781e+00 8.511376e-01 
-4.325830e+00 -3.245989e+00 -1.618255e+00 8.597512e-01 
2.234907e+00 -3.935069e+00 4.068644e+00 1.027779e+00 
2.654725e+00 4.420502e+00 1.921337e+00 7.743909e-01 
-2.256360e+00 9.414197e-01 -7.746533e-01 9.733877e-01 
2.608852e+00 4.077808e+00 -1.072300e+00 9.485608e-01 
-3.952741e+00 9.616808e-01 -1.697119e+00 8.731946e-01 
2.234093e+00 -1.727881e+00 -1.425457e+00 8.742931e-01 
-2.109021e+00 7.412329e-01 -1.655741e+00 8.575682e-01 
-4.460743e-01 -1.279689e+00 -2.206981e+00 8.027264e-01 
3.131303e+00 -2.775364e+00 -4.502794e+00 1.121353e+00 
-7.027137e-01 -8.186230e-01 -1.623759e+00 7.702874e-01 
-4.035580e+00 -4.454397e+00 4.244090e+00 9.881374e-01 
3.296349e+00 3.883521e+00 -3.526432e-01 1.079548e+00 
3.693795e+00 5.113751e-01 2.897524e+00 1.123676e+00 
1.808639e+00 1.486540e+00 1.910249e+00 6.931954e-01 
1.975172e+00 5.203323e-01 2.961328e+00 7.208992e-01 
7.244268e-01 -4.674693e+00 -3.735114e+00 8.472192e-01 
4.573906e+00 3.817129e+00 -4.689324e+00 9.364931e-01 
-4.060735e+00 -1.707819e+00 1.215608e+00 9.205041e-01 
1.209543e+00 2.067166e+00 2.147721e-01 9.864845e-01 
-1.304736e+00 2.725981e+00 3.156316e-01 1.237159e+00 
2.247585e+00 1.822335e+00 -3.111204e-01 8.968608e-01 
1.339633e+00 4.219100e+00 4.050860e+00 8.539526e-01 
-3.336789e+00 -3.362879e+00 -4.239610e+00 9.191501e-01 
8.031783e-01 2.147487e+00 -1.032278e+00 9.309592e-01 
2.500642e+00 -3.744040e+00 -1.880076e+00 1.075569e+00 
-1.229648e-01 -1.317874e+00 -4.699056e+00 1.176633e+00 
3.717195e+00 -3.162558e+00 -2.009577e+00 7.720901e-01 
1.889937e+00 1.319566e+00 3.416893e+00 9.269422e-01 
1.843583e+00 -3.575917e+00 2.296797e+00 1.180761e+00 
-1.277066e+00 5.408188e-02 -2.905525e+00 7.674527e-01 
2.247597e+00 -6.038540e-01 1.999224e+00 9.371652e-01 
2.743868e+00 2.992924e+00 2.193452e+00 8.507460e-01 
4.240651e+00 -2.508626e-01 3.138911e+00 8.136690e-01 
-1.386466e+00 3.557300e-01 4.153456e+00 8.960699e-01 
3.631236e+00 1.505572e+00 4.230051e-01 8.583659e-01 
-4.241400e+00 1.904698e+00 -3.588353e+00 8.783526e-01 
4.129304e+00 -3.282618e+00 -1.234970e+00 8.849033e-01 
-3.934273e+00 1.300536e+00 4.290718e+00 1.281197e+00 
2.581495e+00 1.624911e+00 -1.146769e+00 9.457245e-01 
-3.785491e+00 -1.093621e+00 -2.373831e+00 1.006884e+00 
-4.108748e+00 1.951334e+00 5.714981e-01 1.056375e+00 
-4.485805e+00 4.489251e+00 1.401477e+00 8.141254e-01 
3.996448e+00 -1.918200e-01 -4.166152e+00 1.031412e+00 
3.300582e+00 -2.914057e+00 1.492762e+00 8.841173e-01 
-1.083616e+00 3.304192e+00 -4.290667e+00 8.199618e-01 
3.166938e-01 -4.199127e+00 -2.250976e+00 9.253028e-01 
4.674115e-01 -2.291130e+00 2.189318e+00 8.308000e-01 
1.327096e+00 4.582822e+00 -1.981013e+00 7.176161e-01 
3.654426e+00 4.405163e+00 -2.219192e+00 8.639540e-01 
-1.570074e+00 3.937554e+00 2.538041e+00 9.782679e-01 
4.028575e+00 2.164642e+00 -7.405837e-01 8.992900e-01 
-4.536781e+00 -1.613664e+00 1.984368e+00 8.977128e-01 
1.338160e+00 3.140764e+00 2.545497e-01 8.694914e-01 
-6.538130e-01 1.482687e+00 -7.096653e-01 7.170939e-01 
3.104578e+00 2.901230e+00 -1.592504e+00 7.817169e-01 
4.033359e-01 -3.614926e+00 3.602969e+00 8.602603e-01 
2.484241e+00 -2.361690e+00 -7.160961e-01 9.835579e-01 
-9.750663e-01 4.456750e+00 -7.875323e-01 9.426344e-01 
-3.813127e-01 2.474246e+00 2.358955e-02 7.642100e-01 
-6.080312e-01 3.726689e+00 2.320082e+00 1.039152e+00 
-2.026107e+00 1.887980e+00 -3.900543e+00 8.332841e-01 
3.456750e+00 4.531277e+00 2.009253e+00 8.351101e-01 
-2.453056e+00 -7.594983e-01 1.632535e+00 8.085628e-01 
-4.165081e+00 2.109743e+00 -4.415954e-01 9.850652e-01 
-6.464133e-01 -2.138691e+00 4.902396e-01 1.140675e+00 
4.401105e+00 -2.050718e+00 -3.670968e+00 9.282955e-01 
4.021732e+00 -2.599384e+00 -4.175932e+00 7.449619e-01 
-3.172788e+00 2.869763e+00 -4.057405e+00 8.355447e-01 
4.138369e-01 -2.465663e+00 3.165137e+00 9.392232e-01 
-1.455409e+00 -3.154489e+00 -4.301909e+00 1.183366e+00 
3.099473e+00 4.486590e+00 1.275975e+00 7.987090e-01 
2.776902e+00 -2.793366e+00 -3.442667e+00 1.108343e+00 
-3.894536e+00 2.480074e-01 -2.120699e+00 7.907017e-01 
1.239962e+00 3.742106e-01 -3.957304e+00 8.116209e-01 
-1.997045e+00 -2.420566e+00 2.226267e+00 1.030343e+00 
-6.377019e-01 7.177514e-01 -1.043574e+00 9.148286e-01 
-3.317699e-01 -1.193320e-01 3.219726e+00 8.567215e-01 
2.072046e+00 -3.185227e-02 -3.732033e+00 1.094157e+00 
-2.877883e+00 4.073911e+00 -3.241237e+00 8.273992e-01 
-1.359206e+00 4.572956e+00 1.789170e+00 1.030721e+00 
-1.801771e-01 6.666262e-01 2.987131e+00 8.103849e-01 
3.040776e+00 5.365958e-01 -3.145587e+00 9.273304e-01 
-1.905217e+00 2.419182e+00 -2.523796e+00 7.879172e-01 
1.423562e+00 -6.890787e-02 2.835864e+00 9.127701e-01 
1.637930e+00 -3.031544e+00 3.042745e+00 7.114068e-01 
4.401416e+00 3.182488e+00 1.467655e+00 8.766870e-01 
-1.118780e+00 -2.070723e+00 1.486258e+00 9.503531e-01 
-1.110782e+00 -3.817255e+00 -2.227594e+00 1.114244e+00 
3.191867e+00 -5.623955e-01 -4.579249e+00 9.234041e-01 
2.967212e+00 -4.624061e-02 4.118152e+00 1.051046e+00 
2.492886e+00 1.944056e+00 3.951524e+00 1.109517e+00 
1.590667e-01 -4.467112e+00 9.590132e-01 9.501439e-01 
-1.686722e+00 2.259189e+00 -4.582702e+00 8.617914e-01 
1.560955e+00 2.116479e+00 -2.683840e+00 9.858958e-01 
1.704947e+00 1.692785e+00 1.048458e+00 1.091151e+00 
-2.370333e+00 2.754107e+00 -1.888401e+00 9.055367e-01 
2.727465e+00 3.285406e+00 3.078851e+00 9.189180e-01 
2.832545e+00 -9.279068e-01 -1.787061e+00 1.034007e+00 
5.979675e-01 -3.826107e+00 -3.164030e+00 1.125967e+00 
4.120493e+00 8.964211e-01 -2.016387e-01 1.140006e+00 
-3.388188e+00 -3.796218e+00 3.959833e+00 8.697953e-01 
-2.712141e-01 3.635931e+00 -1.749743e+00 7.357682e-01 
-8.763773e-02 -1.223938e+00 2.436692e+00 1.120915e+00 
-9.992158e-01 -1.995341e+00 -2.555969e+00 1.123043e+00 
2.370667e+00 2.662773e-02 -8.042320e-01 9.156121e-01 
-1.699847e+00 -1.302443e+00 4.606911e+00 8.757397e-01 
-1.566138e+00 -8.951818e-01 2.305022e+00 1.012824e+00 
5.888168e-01 4.708818e+00 -2.881575e+00 8.992271e-01 
1.348257e+00 -3.848707e+00 3.503389e+00 9.869281e-01 
3.615252e+00 -4.480349e+00 -3.952759e+00 8.467930e-01 
-4.129733e-01 -2.683197e+00 -1.016196e+00 1.012954e+00 
-1.149598e+00 1.376763e+00 -1.342200e+00 8.577531e-01 
-2.155581e+00 1.311507e+00 -2.976863e+00 7.125051e-01 
3.426283e+00 -2.486859e+00 2.338799e+00 1.024000e+00 
-2.745529e+00 9.446816e-01 -2.475211e+00 1.001269e+00 
2.809292e+00 2.484906e+00 -3.265658e+00 1.005389e+00 
3.636608e+00 3.686310e+00 3.002300e+00 8.570654e-01 
4.411345e+00 -4.108674e+00 4.058655e+00 1.064837e+00 
2.017840e+00 5.595809e-01 -1.681289e+00 9.791851e-01 
1.110745e+00 -1.897307e+00 4.642168e+00 1.020433e+00 
-1.823221e+00 5.429115e-01 3.370668e+00 9.353770e-01 
3.395639e+00 -2.331581e+00 4.079227e+00 9.999739e-01 
-1.288981e+00 3.804578e+00 -9.000380e-02 1.067756e+00 
1.907982e-01 2.746786e+00 -2.489096e+00 8.728686e-01 
-2.552620e+00 -3.848404e+00 1.192880e+00 8.765146e-01 
-4.633379e+00 -4.486509e+00 -1.073262e+00 9.988151e-01 
2.615512e+00 -5.462673e-01 -2.846640e+00 1.224376e+00 
-4.573303e+00 3.242657e+00 4.327089e+00 7.398573e-01 
4.087119e+00 -1.924888e+00 2.160625e+00 7.471714e-01 
1.992217e+00 -2.793100e+00 -4.410554e+00 9.234042e-01 
2.980781e+00 2.403215e+00 -1.003432e+00 7.429806e-01 
-4.589760e+00 3.385341e+00 -1.725135e+00 1.087348e+00 
-2.717570e+00 -1.403246e+00 2.599268e+00 1.572139e+00 
-1.832296e+00 2.473938e+00 -1.188484e+00 9.468798e-01 
1.684877e+00 -1.996280e+00 -2.394758e-01 1.016117e+00 
-4.636196e+00 -1.403407e+00 -4.088729e+00 8.777781e-01 
-2.686188e+00 2.684199e+00 -2.705385e+00 8.518652e-01 
-4.116846e+00 3.457733e+00 -4.545397e+00 8.728577e-01 
-1.358728e+00 3.584003e+00 1.665306e+00 9.518413e-01 
2.660656e+00 -2.019509e+00 1.148834e-01 8.480937e-01 
4.946203e-01 4.406946e+00 -1.994490e+00 9.843004e-01 
1.001506e+00 -1.051302e+00 9.910659e-01 9.480884e-01 
5.817107e-01 2.753633e+00 6.548001e-01 9.989484e-01 
3.967543e+00 1.412530e+00 2.475246e+00 9.406276e-01 
-4.303650e+00 -1.065088e+00 -3.407437e+00 7.825891e-01 
2.293871e+00 3.867107e-01 2.113346e+00 1.059215e+00 
-9.427240e-01 -7.089114e-01 -2.878260e+00 8.995048e-01 
-4.627418e+00 1.144746e+00 -3.310603e+00 9.146123e-01 
2.658928e+00 -1.845789e+00 2.055987e+00 1.002427e+00 
3.167915e+00 -3.598966e+00 4.278297e+00 9.994592e-01 
-4.690704e+00 3.302608e+00 -2.751600e+00 9.821104e-01 
5.557720e-02 3.703477e+00 -2.603123e+00 1.072942e+00 
6.763887e-01 -2.072995e+00 -1.933740e+00 8.663641e-01 
-3.564389e+00 -1.167642e+00 3.512585e+00 9.590402e-01 
-3.954913e+00 -3.974839e+00 -9.652272e-01 7.144185e-01 
2.169468e+00 -4.096111e+00 3.127869e+00 8.856213e-01 
9.244024e-01 2.126658e+00 3.215518e+00 9.283911e-01 
3.887807e+00 -8.145505e-01 -1.572265e+00 9.894466e-01 
-2.923138e+00 -3.312467e+00 -1.496986e+00 7.917464e-01 
-3.374848e+00 2.304572e+00 -3.288229e+00 1.105760e+00 
-1.164494e+00 6.051874e-01 -1.790846e+00 9.275581e-01 
-4.693871e+00 3.761780e+00 1.998504e+00 8.987531e-01 
-6.795794e-01 -2.039196e+00 -4.221207e+00 8.754983e-01 
-4.325234e+00 2.743442e+00 3.499732e+00 1.025019e+00 
5.030740e-01 4.448614e+00 1.608186e+00 9.377485e-01 
-4.394356e+00 -3.000661e+00 -3.403224e+00 7.415433e-01 
-3.880426e+00 -2.623878e+00 -1.978092e+00 8.312706e-01 
-4.303567e+00 -7.848702e-01 3.572954e+00 7.101434e-01 
1.798423e+00 -4.912731e-01 -4.520548e+00 8.113011e-01 
-1.798999e+00 2.654833e-01 -4.163334e+00 1.010751e+00 
-2.114336e+00 4.341915e+00 -7.407205e-01 9.731205e-01 
-1.870933e+00 -4.078037e+00 2.110626e+00 1.067235e+00 
3.276846e+00 4.027267e+00 5.972131e-01 8.406141e-01 
1.764549e+00 -1.253069e+00 4.699853e+00 8.189467e-01 
2.354671e-01 -2.256895e+00 -4.462129e+00 8.886684e-01 
2.466473e+00 -2.652717e+00 -1.731024e+00 1.128400e+00 
3.303949e+00 7.346455e-01 1.860624e+00 1.136404e+00 
-2.944858e+00 1.834051e+00 -2.574120e+00 7.535334e-01 
-3.860386e+00 2.497309e-01 -2.631667e-01 1.087870e+00 
2.064486e+00 -9.032242e-01 2.725507e+00 6.760784e-01 
-2.562245e+00 3.187745e+00 2.714221e+00 8.932679e-01 
2.040213e+00 -1.728203e+00 3.098021e+00 1.134940e+00 
-1.407085e+00 -1.854677e+00 -1.183197e-01 8.887392e-01 
2.435240e+00 2.154329e+00 2.889763e+00 1.058316e+00 
-9.034558e-01 4.460983e-01 4.100474e-01 1.041289e+00 
-1.979656e+00 -3.292693e+00 -3.331556e+00 8.029326e-01 
-1.652683e+00 -2.661948e+00 -2.707561e+00 7.683743e-01 
-3.553851e+00 -2.357677e+00 -2.104574e-01 1.084216e+00 
-1.903488e+00 -4.118666e+00 -3.766269e+00 1.070042e+00 
-1.535201e+00 -4.299134e+00 -4.195141e-01 8.180666e-01 
-3.221076e+00 -1.942691e+00 1.569561e+00 9.614892e-01 
3.084897e+00 1.284767e+00 2.683412e+00 8.910052e-01 
3.324800e-01 3.844510e+00 2.719335e+00 1.010822e+00 
1.666445e-01 2.896013e+00 -1.549961e+00 1.029578e+00 
1.085214e+00 2.775109e+00 2.647973e+00 8.248422e-01 
-2.244548e+00 -3.215574e+00 1.741836e+00 8.912631e-01 
3.194287e+00 4.743082e+00 1.221482e-01 8.855303e-01 
-1.887459e+00 3.093853e+00 -4.454979e+00 8.740331e-01 
2.463278e+00 -1.925395e+00 -4.093673e+00 1.150455e+00 
-2.010300e+00 -1.097146e+00 5.908677e-01 9.694049e-01 
-3.904436e+00 -1.705739e+00 -9.417290e-01 7.993741e-01 
-3.481585e+00 -3.225734e+00 3.158707e+00 1.106037e+00 
3.074165e+00 3.554998e-01 -4.459547e+00 8.706506e-01 
3.448547e+00 -1.016831e+00 4.101545e+00 1.033467e+00 
2.341119e+00 -1.440622e+00 -6.406328e-01 8.108432e-01 
3.909922e+00 -3.452974e+00 -3.921069e+00 1.050669e+00 
-3.614460e+00 4.218064e+00 4.202511e+00 8.827469e-01 
4.289904e+00 -3.386906e+00 1.228679e+00 1.072158e+00 
-4.226546e+00 -4.846463e-01 2.061975e+00 1.159764e+00 
4.195002e-01 8.157862e-01 -2.031736e+00 9.217166e-01 
-3.746682e+00 2.498705e-01 -1.236443e+00 8.719207e-01 
3.267645e+00 -3.253539e+00 -1.111686e+00 8.328115e-01 
2.358719e+00 -1.930427e+00 4.216563e+00 1.225971e+00 
-4.720754e+00 1.681422e-01 2.625666e+00 8.283219e-01 
-4.570300e-01 4.652006e+00 2.697611e-01 1.056035e+00 
3.056082e+00 -8.952779e-02 1.337889e+00 8.775003e-01 
1.671730e+00 5.596986e-01 5.741962e-01 8.813425e-01 
7.000060e-01 3.683126e+00 -1.440302e+00 8.846279e-01 
-1.678220e+00 7.896425e-01 8.327604e-01 8.528787e-01 
1.462621e+00 -4.014484e+00 -2.355657e+00 1.271179e+00 
1.185029e+00 1.201061e+00 4.333525e-01 7.533577e-01 
-1.150397e+00 -2.584808e+00 3.432193e+00 1.307655e+00 
2.661552e-01 -2.994737e+00 1.128529e+00 1.000779e+00 
8.980027e-01 2.406144e+00 -2.083723e+00 8.940519e-01 
4.295383e+00 -1.146957e+00 -3.373944e+00 9.855262e-01 
2.618911e+00 -4.727926e+00 -1.701697e+00 9.382228e-01 
1.272441e+00 4.333049e+00 4.570940e-01 7.731653e-01 
-4.532354e+00 -1.339789e+00 5.247577e-01 8.690131e-01 
-1.529793e+00 -4.534863e+00 3.931061e+00 8.750904e-01 
3.238512e+00 4.476202e+00 -4.447772e+00 8.163553e-01 
1.858884e+00 2.871499e+00 -3.267844e+00 8.640123e-01 
-4.704253e+00 1.074635e+00 6.471286e-01 1.068664e+00 
4.496459e+00 -6.030048e-01 1.403799e+00 9.032990e-01 
3.604392e+00 4.111425e+00 4.289939e+00 8.606218e-01 
-5.686558e-01 -1.342546e+00 1.141506e+00 9.223725e-01 
-1.032965e+00 -1.419958e+00 -3.307918e+00 7.718263e-01 
-4.539336e+00 -3.043038e+00 -4.272765e+00 1.023581e+00 
3.780558e+00 -3.400116e+00 2.093230e+00 9.348844e-01 
-2.796215e+00 3.592855e+00 -1.047640e+00 9.107885e-01 
1.892218e-01 -1.030149e+00 -4.195835e-01 1.041142e+00 
-1.724879e+00 -7.738256e-01 3.799431e+00 1.055153e+00 
2.470012e+00 4.521749e+00 -3.022286e-01 8.507394e-01 
-3.513259e+00 4.912785e-01 -4.645251e+00 8.727136e-01 
1.156117e+00 4.271116e-01 -1.833099e+00 7.907427e-01 
1.647670e+00 -1.895886e+00 1.933589e+00 1.037313e+00 
8.874947e-01 1.435827e-01 4.347135e+00 1.004524e+00 
-4.203751e+00 7.496275e-01 3.097840e+00 9.283675e-01 
-4.160548e+00 -7.662837e-01 1.045168e-03 8.531052e-01 
5.137574e-01 -4.443384e-01 2.905988e+00 1.060544e+00 
2.036535e+00 3.442506e+00 -4.605588e+00 6.766000e-01 
4.230864e+00 3.772730e+00 7.753727e-01 9.745045e-01 
-3.254962e+00 3.184572e+00 2.173764e+00 8.639582e-01 
4.624227e+00 2.107129e+00 3.228713e+00 7.534805e-01 
-3.456440e-01 2.204212e+00 2.078024e+00 9.544843e-01 
-4.525787e+00 -1.855294e-01 3.274729e+00 7.005714e-01 
-2.478074e+00 4.650829e+00 -4.213929e+00 9.624843e-01 
-4.538605e-01 -2.275844e+00 2.493320e+00 1.109629e+00 
8.403197e-01 2.050825e+00 1.144200e+00 7.902741e-01 
-4.370724e+00 9.357705e-01 -4.271644e+00 9.265546e-01 
-2.891058e+00 4.728112e-01 -3.346713e+00 1.002085e+00 
-8.893990e-01 -8.810810e-01 3.083798e+00 1.050830e+00 
-1.240602e-01 4.394585e+00 -1.383840e+00 7.544476e-01 
6.984899e-01 5.304488e-01 -1.069289e+00 9.867720e-01 
-7.410022e-01 -2.939891e+00 1.211221e+00 1.023288e+00 
1.291394e+00 4.267885e+00 3.195850e+00 8.003472e-01 
2.715446e+00 1.349144e+00 -2.102646e+00 1.061488e+00 
3.079917e+00 -3.902124e+00 -4.520180e-01 9.430262e-01 
-3.815337e+00 3.366303e-01 7.260795e-01 9.002837e-01 
2.992499e+00 6.595042e-01 -1.303757e+00 1.120790e+00 
3.991208e+00 1.784521e-01 1.285778e+00 9.727420e-01 
3.048484e+00 -1.625555e+00 3.495458e+00 8.608575e-01 
3.231679e+00 -1.472263e+00 -2.469157e+00 8.852498e-01 
8.301697e-01 -2.318679e+00 -2.883399e+00 1.119448e+00 
-3.725561e+00 -2.474290e+00 -4.455997e+00 9.956040e-01 
-4.190016e+00 2.480545e+00 -1.481618e+00 9.500558e-01 
9.217171e-01 -1.979764e+00 -3.880235e+00 9.942459e-01 
-4.695682e+00 -5.670470e-01 -3.910996e+00 8.364282e-01 
1.231820e+00 -2.151193e+00 3.678419e+00 9.874796e-01 
